3.42319884663448	97.6158240260556	0.684084130218253
81.6774110775441	59.7112112189643	0.786770938429981
87.9107170370407	10.080116905272	0.490618419134989
30.7926809797063	85.4895594404079	0.309733333997428
91.0758034172468	44.1876141978428	0.0494568932335824
100.389046933502	46.7578834644519	0.794909398537129
44.8166245841421	28.2435409780592	0.865850393893197
77.8792402883992	89.6913512689061	0.209170661866665
-0.0995584935881197	73.0856058979407	0.769534826045856
81.838667774573	14.1549725788645	0.650089957285672
51.6638010223396	19.4560524262488	0.436453951755539
17.861379978247	49.8701599934138	0.80933749396354
74.5125015075319	89.3413309371099	0.319127813680097
54.0440610572696	76.8151463135146	0.00115566467866302
64.9554635719396	61.7000459451228	0.758738077478483
24.1143971187994	0.691045180428773	0.264823721721768
39.4671835205518	29.8025671588257	0.267821894725785
60.2885400559753	56.6271390090697	0.0275625162757933
54.0183691871352	28.1303023993969	0.164848700398579
62.0576180154458	100.875150075648	0.862181059084833
18.5186546253972	18.8041148064658	0.723399671493098
85.6403530426323	64.9277974939905	0.554430722724646
40.5539620169438	97.2047261279076	0.0816773858387023
7.17283082660288	82.1668646899052	0.0710094682872295
82.5491260304116	1.18818226549774	0.155143532669172
75.2123268414289	13.6752988579683	0.652947541791946
79.7188177411444	52.4615666233003	0.0187153390143067
2.1848275559023	98.1115357601084	0.213207648135722
10.7616020957939	33.6431311806664	0.487646688474342
90.3804947584867	20.4172901003622	0.0542466728948057
44.0781347812153	44.6618745867163	0.240477721439674
41.372805419378	54.4874735851772	0.703512584790587
57.2300512320362	94.8293309481815	0.6057570183184
62.6804588865489	25.6476996536367	0.954889214131981
15.2760223862715	6.51594235748053	0.389123279834166
39.4813775876537	36.7360057369806	0.0644531650468707
72.4007486733608	34.260872582905	0.661278730956838
58.6002367846668	26.6459707817994	0.0420711818151176
73.7663355940022	35.7124787177891	0.57289428752847
36.1999433031306	89.2333276462741	0.168842852115631
66.6385411261581	-0.588108039461076	0.822056837147102
55.9883425328881	11.3924668538384	0.816682592500001
36.4478070666082	7.46926807239652	0.686001798370853
8.67916737217456	74.7479000636376	0.412936423905194
24.4117832924239	74.0162524348125	0.354069434804842
94.2958521619439	27.6537984921597	0.542343107517809
23.5472258017398	69.3240640033036	0.97558121313341
14.053319032304	61.9271433954127	0.7733757738024
67.2096962681971	28.0293368296698	0.17715280666016
54.3712034579366	31.8318225960247	0.398539240006357
7.59441271843389	24.3844671994448	0.121343158418313
83.437220194377	82.1571789146401	0.951049773953855
48.785897816997	3.22069880645722	0.284984330413863
83.0264801420271	3.67006323998794	0.665988124441355
92.8327431180514	20.7555377613753	0.343544678064063
28.3665530597791	60.6393668469973	0.0549932010471821
37.8218545182608	25.8663236061111	0.669948201393709
51.0939304251224	22.4113044473343	0.0223528486676514
34.9089660202153	94.3638918809593	0.30490573705174
60.1502771126106	38.027391331736	0.529449724592268
6.60400579078123	37.5092481663451	0.643508967710659
29.1914699375629	25.5001048385166	0.276434348430485
4.1860703737475	13.8970328960568	0.822096037911251
88.1039054868743	8.46864225761965	0.277223957702518
27.808309791144	18.2572906138375	0.692717877915129
16.9159190338105	16.4239841545932	0.118964864406735
31.5229481426068	86.0766667202115	0.652417149627581
76.1323907086626	51.3936439738609	0.182447570376098
62.9859611871652	6.58663913141936	0.263477041153237
42.6827244721353	85.7870316556655	0.718127961736172
88.8646042668261	34.9847516473383	0.871304949047044
88.6313698133454	31.8972808760591	0.485884465277195
83.8440308063291	49.1200502002612	0.111186399823055
42.9309154693037	43.2096863943152	0.237930112052709
28.4866634984501	30.6610325314105	0.606277374783531
8.17551883775741	6.05556986713782	0.715900016017258
68.9147771592252	37.348406217061	0.109398514730856
76.9120441302657	13.1484393640421	0.607548838015646
58.2379241124727	11.6908093411475	0.142952493624762
54.9627666873857	45.0217296932824	0.128219367936254
55.7073798379861	25.7643824862316	0.657106162747368
30.7818602528423	7.22920752270147	0.119782420340925
7.62470849277452	0.0016900897026062	0.668761879438534
-0.516881621442735	53.2452971548773	0.857599801383913
45.9358447897248	19.3769735870883	0.0752877469640225
30.2134705074131	81.1881296909414	0.686726167332381
51.0807605930604	51.5880781393498	0.169984304578975
85.3808376556262	79.6580401924439	0.234542157500982
96.9168314649723	80.075629116036	0.633335519349203
52.250731991604	58.0135343256406	0.830800246912986
72.2664402727969	42.3821438811719	0.247724743792787
74.9787389831617	14.1704178475775	0.970166326500475
39.7311518411152	96.8127488037571	0.0959916159044951
6.6206301599741	68.3828291683458	0.739254081156105
80.7409645081498	23.9900307897478	0.868463690625504
97.4333389131352	35.3223370988853	0.16237579844892
24.2426913208328	18.0732870073989	0.93141690432094
52.223391128704	22.9880627687089	0.960272303316742
37.8514454779215	73.5120458528399	0.314801786327735
68.989616827108	38.4319565729238	0.326436276547611
56.5685015055351	44.6002165777609	0.571017644135281
22.0190783552825	32.8439078829251	0.568807277362794
24.1824755244888	15.1655843760818	0.852024761261418
90.3041350534186	73.086287130136	0.903093352913857
86.0938148437999	-0.155397898517549	0.361654959386215
17.029423693195	45.1718167471699	0.880263180006295
74.4100089897402	28.9295391626656	0.876113688806072
69.3052683593705	70.3173393257894	0.947354246862233
82.6257311548106	79.1090325182304	0.100862123770639
73.67364282161	47.9540982260369	0.0401566452346742
50.9032909260131	24.9289440680295	0.55882555176504
5.55929281841964	21.3075677459128	0.95105860568583
79.7793260267936	1.85316311288625	0.295694658299908
98.1569850500673	79.7516668359749	0.0678789713419974
54.9185826820321	73.7786019295454	0.255469121271744
51.6110840523615	60.9683622182347	0.00236336793750525
84.1899310904555	43.130116882734	0.535838241456077
63.1307674981654	20.879213643726	0.182684890460223
63.7284343638457	26.6044468712062	0.191001148195937
2.26817484851927	37.23533589812	0.73526668921113
81.6453361674212	-0.37750472035259	0.621599431848153
79.3426436502486	85.5315490397625	0.49003290059045
57.5302541707642	53.9613909833133	0.190067867049947
30.2969221519306	8.42416022950783	0.772295930422843
90.7316632936709	25.2467483272776	0.337404203368351
82.4958562850952	1.9548673867248	0.356402160134166
89.4779246062972	84.3664053771645	0.466616812394932
24.4995334325358	76.4906967808492	0.613484708592296
36.0866626179777	54.7946541132405	0.0114292928483337
23.0362247806042	95.2566835428588	0.0507109449245036
83.6802155640908	24.6655856147408	0.738703947747126
11.6407024273649	29.5391759560443	0.174764010123909
54.8541801753454	67.5806576563045	0.25199136021547
44.0856167934835	66.9481912604533	0.480461667757481
89.5097442888655	17.9539515133947	0.184121106984094
89.1926042577252	6.42217258037999	0.428892366588116
39.4335475354455	0.56381914857775	0.501318961149082
56.2406543139368	62.8127934592776	0.100737460423261
12.0662322123535	20.266731325537	0.0024687482509762
55.3669999213889	55.7761283614673	0.852050093002617
-0.882356673944741	83.9131215726957	0.297332332236692
81.4554040953517	78.1945543750189	0.324175318237394
6.13780866423622	42.7608802933246	0.599299020366743
70.4032001597807	57.336171225179	0.629222588613629
94.7133766314946	51.4848876940086	0.38405598863028
9.72680245898664	99.30032358272	0.0100408070720732
94.5041114580818	85.6055835783482	0.657954141730443
36.5806387001649	70.8739815265872	0.821497700177133
41.7383422660641	90.1810564277694	0.061289134202525
89.8015644736588	38.6092818952166	0.860529332887381
44.9249343522824	39.3004935663193	0.61472509172745
-0.0751951271668077	81.6024551359005	0.948402147740126
51.2873979224823	93.6570685813203	0.414158884203061
32.6233275104314	77.9836591365747	0.802418973762542
55.6581713859923	58.6404515467584	0.302955614635721
26.0752856032923	74.3909133994021	0.68840201292187
97.1629131953232	33.3481119712815	0.313181300414726
37.7387791723013	18.5743737905286	0.68219987442717
70.8508080900647	2.04544376768172	0.781716536032036
68.2846667794511	68.6346099753864	0.650692289695144
35.3624404794537	1.28247591573745	0.325455238809809
40.3815195988864	36.1153445239179	0.852805203292519
60.6467095729895	22.4745418652892	0.614675391698256
65.0170439938083	77.1222845450975	0.421400497667491
67.5175577434711	34.6507651014253	0.927614009706303
30.4524081461132	63.7002235851251	0.480068671982735
56.354955481831	35.6425776686519	0.11478636902757
20.1148926606402	79.7455133986659	0.337329357862473
45.377633178141	61.5997228259221	0.661159850424156
36.1151444409043	47.6353020775132	0.647033617366105
82.5224718381651	100.7583023794	0.320425560930744
48.0030475081876	26.3936068960465	0.690363531000912
14.9322617198341	27.2194136148319	0.120806210441515
22.2258338108659	83.4623371078633	0.584238646086305
51.2547097490169	0.502780126407743	0.718596532242373
85.8985414458439	10.8778038029559	0.315665418282151
38.2661234489642	80.1925152139738	0.916452849050984
81.3152870889753	76.7450508098118	0.604104841593653
15.6281209927984	4.46676589548588	0.980831198627129
20.4950538063422	69.2285125018097	0.766785024665296
8.7400138634257	12.0744699565694	0.999418745515868
96.3428047932684	26.7130512422882	0.567549533676356
82.5381804802455	31.7658178340644	0.227411017986014
84.090717962943	-0.79065092233941	0.530808884650469
98.5917960270308	22.6732455054298	0.993557821726426
17.9401956815273	16.3569251629524	0.960951630491763
24.8267055903561	64.0518939308822	0.585533494362608
74.6280383216217	31.3917222791351	0.986673050560057
55.5510245929472	14.4974549701437	0.421882477356121
88.3647796809673	38.0682526766323	0.911593513097614
86.0322223813273	95.6401830706745	0.0570489943493158
59.614666688256	45.6337153543718	0.0597651433199644
78.5609917021357	50.7415863992646	0.969319937517866
63.8801251929253	13.4182937587611	0.719704492483288
8.60712867649272	74.96992046386	0.961392875993624
47.3937880108133	50.3070147619583	0.77594046574086
10.2019447567873	46.7770916474983	0.172226412920281
82.7832707725465	85.1690966538154	0.735230829101056
73.9454040252604	11.1179374512285	0.469337930204347
10.7328654965386	77.1156357568689	0.168077178299427
34.9092260687612	54.6180846178904	0.175284072523937
37.7971811834723	61.1107781487517	0.657457314897329
12.0646165390499	36.5836956836283	0.993192134657875
41.1994951041415	15.8501948514022	0.238295537419617
79.580084383022	77.330398879014	0.446405828697607
49.0471878275275	76.8187257214449	0.585605417843908
28.2859766022302	39.064555676654	0.449066720204428
30.2931194109842	40.9214791511185	0.928966196253896
34.6629082760774	7.85275465715677	0.59027293487452
69.3401635494083	81.9244715641253	0.398532988969237
59.756187458057	30.4400297403336	0.656839549774304
32.8013508552685	63.0170625657775	0.305632567964494
83.3226314294152	6.19878520350903	0.651130395708606
44.9651818163693	63.9939884818159	0.291660531889647
30.1548426696099	100.683769283816	0.393438809784129
45.3496543532237	30.7247188952751	0.40497225150466
43.7760597779416	22.5086725363508	0.545465189730749
40.7344102729112	93.6071576657705	0.549249034840614
20.4311204557307	53.9220364950597	0.865072014043108
100.613139291294	76.4663817905821	0.450922519899905
21.3908705334179	54.9191425582394	0.515192304505035
69.4829886704683	13.7321583419107	0.880154365208
12.91352490196	73.3574103955179	0.614025320159271
73.1592108933255	36.5864015896805	0.392094871029258
0.642033082898706	2.72056954819709	0.741973584285006
3.74664117209613	49.9885292942636	0.895183226559311
13.6364240464754	13.2764772698283	0.125658158445731
46.3898309627548	42.9378490285017	0.963603640906513
10.5194017621689	40.7699400288984	0.513294390169904
74.8357730321586	73.8926522633992	0.554175678174943
57.2271348410286	41.8602554704994	0.651218173326924
75.5521379997954	32.8106158268638	0.726433679461479
74.4802305041812	18.6284260088578	0.580923072760925
42.0248016510159	70.6794072198682	0.660939217079431
32.197304986883	80.0161045975983	0.0121014772448689
43.2861766936257	27.5450621494092	0.787472088821232
99.5403593624942	85.3923175996169	0.602378257317469
36.0754720047116	2.7937495126389	0.734159422572702
3.98234164575115	96.9498690534383	0.401183217065409
23.6784867895767	97.6749609415419	0.153329024091363
88.5978229097091	74.6860650079325	0.806028941413388
88.8129064496607	39.6459588925354	0.832412163261324
4.57263702573255	84.6970059722662	0.446843452984467
66.2903013313189	79.9434891403653	0.921072556637228
65.5826305109076	3.78617990296334	0.270452405093238
77.9731389023364	7.72431041067466	0.161402366589755
17.0803408422507	89.3314475249499	0.0553133499342948
71.1291042780504	55.0360157606192	0.759002599865198
46.5264684720896	88.3447461584583	0.458674933528528
6.04088339395821	0.658917191904038	0.541554350871593
93.085429653991	90.070947598666	0.796966681489721
43.0322974966839	70.3734368556179	0.380588897503912
7.14607406361029	25.6812899699435	0.897920352173969
47.2962870001793	34.3304950832389	0.0640787198208272
56.1048230738379	52.9976628515869	0.852181646274403
19.4317271290347	65.8098073531874	0.964698074385524
27.0340314186178	79.1117593469098	0.145491374423727
26.7894171457738	23.6177991773002	0.513640819583088
4.02829685481265	1.61271814256907	0.782397996867076
10.9678193340078	67.5780197666027	0.725234749726951
0.0507393064908683	95.2833629800007	0.431408761767671
60.4612332843244	56.8774822107516	0.385755758266896
94.8649428510107	73.9435063358396	0.641994481207803
13.9220754047856	27.3272797805257	0.083321712911129
60.0113007812761	57.9840184831992	0.61843329644762
31.1297929529101	51.7501248377375	0.577034987974912
63.6439258535393	51.4224724806845	0.196611596504226
76.9366762610152	34.5961287119426	0.145144161768258
40.2610847051255	95.3951600110158	0.3700955666136
88.5604422017932	43.3861877783202	0.0764094493351877
65.8132873014547	12.2561323661357	0.263544655637816
21.9899463159963	24.5647628461011	0.438583003357053
85.2337091467343	25.256655250676	0.667358563980088
1.33874039910734	35.6856358419172	0.235454278532416
81.9805458677001	13.5030754506588	0.439832166070119
77.0964267188683	66.4303996474482	0.111762217245996
69.585196654778	77.9125817893073	0.0645380939822644
7.76486941054463	3.64498382573947	0.445940076839179
40.3388449200429	97.5797021668404	0.733664521249011
31.7003079717979	99.2494408455677	0.0466352812945843
95.99805140635	76.7066128561273	0.325105998432264
24.4882771540433	48.405514288228	0.302735742647201
84.6223968570121	6.41244560107589	0.864738004514948
59.2309719221666	47.5901823961176	0.59073565993458
84.2490082303993	92.6957624396309	0.328001190675423
13.1013055294752	18.096417197492	0.580187865998596
32.9349743188359	51.9552275482565	0.24917910550721
52.7893931297585	50.8398213167675	0.860216354951262
59.634203506168	6.15123977977782	0.385073503246531
46.4105527233332	75.066601454746	0.600101685617119
56.2951982733794	27.2908989414573	0.934664149070159
57.4341496089473	55.5095093981363	0.817303518764675
20.3455179366283	22.8151632351801	0.360285348026082
69.6047198884189	43.5989282927476	0.819448608439416
41.2423729770817	4.0354146566242	0.00135923665948212
22.0357929458842	85.3812037897296	0.575289130210876
22.8918411969207	36.3818835252896	0.231296188896522
91.0376921985298	89.7006165492348	0.715925291646272
22.3466178108938	53.2634926922619	0.194305500248447
77.168327790685	81.8400644608773	0.634187732823193
28.1590084577911	38.1726663475856	0.9840548268985
32.8456042781472	6.06356981536373	0.299489287193865
15.9670459912159	32.6745077241212	0.802874668734148
21.0065507246181	68.236148536671	0.000182235613465309
96.2021587840281	26.4724843697622	0.98102449788712
27.1166400071234	10.7883754591458	0.827996248845011
60.1017401558347	98.2173690348864	0.0529199468437582
86.6979985022917	91.6191515089013	0.3919837763533
13.3642654079013	35.4976685969159	0.193665782688186
30.8323167003691	77.9657255238853	0.555063701700419
66.6732748248614	73.8931328188628	0.527247206540778
92.1782556688413	32.6899453219958	0.987230647355318
10.8145878775977	11.4631691137329	0.939802329754457
4.29900366254151	45.7090095016174	0.588286374229938
36.0935357366689	20.9540988616645	0.380031490931287
14.8983715521172	12.3126633339562	0.412051283754408
77.1007960806601	2.71817520167679	0.0164943903218955
87.2884251177311	18.7318289815448	0.185928092803806
87.451586058829	89.2181415949017	0.360803830670193
61.433136629872	6.43108215229586	0.926916314288974
84.8085161424242	34.4188448311761	0.369045166065916
28.6058975141495	98.064184173476	0.0702152387239039
89.1683294740506	2.71702552586794	0.91363337286748
61.4389682719484	60.7330503449775	0.0119046745821834
18.9220481994562	83.7068935288116	0.686764969257638
6.30505120381713	26.0010823062621	0.585356767755002
26.4617201411165	87.3974550422281	0.867129822494462
80.9301558574662	73.9067140263505	0.804508782923222
27.9800060479902	86.862792619504	0.566118195420131
3.2677864972502	73.8773179012351	0.778415792156011
23.4662695308216	62.0936085917056	0.480891196290031
95.34221526701	81.8322893180884	0.0931037785485387
44.6196286673658	37.4023268437013	0.131878108484671
28.3682140931487	37.7621749206446	0.731157725211233
85.3506001369096	-0.510092763230205	0.864021889166906
56.3511027498171	62.5531316851266	0.8192058224231
73.6035136184655	55.5852613495663	0.256914438446984
30.9393298830837	66.6678007910959	0.72099998826161
59.2767960620113	35.2927675843239	0.0313460531178862
79.9170381659642	41.3698521465994	0.291644460521638
26.9225223171525	29.3048680601642	0.771238791523501
13.7611741311848	35.3650023019873	0.039188280235976
32.5453004785813	19.330089090392	0.112941288622096
100.521687603556	76.9012303617783	0.5657740496099
51.0686071827076	83.82706141565	0.300932872807607
59.2892250288278	13.4002133789472	0.544324409682304
85.7691099648364	21.7972257398069	0.482617648551241
96.0674553709105	40.4556745910086	0.690849245525897
73.0713106612675	1.34789349045604	0.627584521425888
9.34177662432194	21.4073847322725	0.279370689298958
78.4210157156922	83.3681921008974	0.820966954575852
75.4076353637502	44.5569785316475	0.778689553961158
71.3916861242615	20.8381584854797	0.708856558194384
93.9650511275977	45.3085453803651	0.730255892965943
67.5976416287012	71.3908537551761	0.37860742607154
65.976171807386	55.9681250290014	0.0967579437419772
53.2673906418495	68.1438565952703	0.750813445774838
56.6947955898941	80.4967860481702	0.554207775276154
48.3440292649902	19.8848521020263	0.955248621525243
58.4857793739066	8.05688666226342	0.638778522610664
71.6026996313594	-0.188732749782503	0.972630761330947
60.9331129584461	3.59541444061324	0.855937153566629
75.3825196851976	30.5610135383904	0.360201692441478
95.1631726743653	18.8469732054509	0.876018275506794
27.9971933807246	1.60538173373789	0.95431248168461
57.6592775061727	12.8870323910378	0.339798552449793
15.589682160411	61.5809930134565	0.369959949748591
-0.509844874031842	40.5984759633429	0.642357865348458
54.0068654469214	2.19044517446309	0.70804108097218
32.1932846363634	58.0062848846428	0.916052410844713
42.0650397581048	58.2759019583464	0.448474742705002
4.91931719426066	26.2613589824177	0.356276496313512
44.2314029294066	47.9413579134271	0.863785440800712
3.23088506236672	70.9900309569202	0.589353851508349
48.1353418030776	89.542670590803	0.745751650305465
97.5330940103158	91.6457471367903	0.0328758396208286
0.32138861855492	40.3546862462536	0.609791572904214
100.868853362277	82.2786864670925	0.707593013066798
61.1381332133897	77.136894594878	0.140391985187307
95.1149323629215	75.6527610891499	0.789068021811545
14.4991750190966	17.0280325403437	0.2785811542999
55.8392409086227	44.7624887465499	0.899211944546551
89.3283707113005	56.5809161756188	0.341704610036686
62.6013170657679	68.4096491266973	0.795052675530314
72.6871802485548	40.6765147270635	0.719082874944434
7.67136317305267	30.4664331222884	0.277123062405735
2.75183590920642	97.9058894887567	0.317013066494837
77.3834066996351	34.6529658720829	0.875208052806556
86.8373558106832	10.1551051689312	0.845521597890183
77.0002714060247	61.9676313153468	0.737354170065373
74.4290952705778	59.9465804453939	0.559783016564324
15.4270287295803	51.2035478693433	0.211521200835705
81.5555762439035	38.955578901805	0.0036903319414705
48.7404586914927	90.1388417142443	0.430545039940625
79.6937569458969	91.4076508916914	0.964194996515289
54.6797839971259	50.8770360448398	0.85268220026046
77.6147006447427	32.1468212520704	0.0452300168108195
28.3435503765941	43.3119215234183	0.734420557972044
79.028774483595	63.4201771635562	0.3217874832917
67.7340105874464	30.673695043195	0.981967465952039
56.4500560662709	76.2272448288277	0.250542120775208
0.858728876337409	0.454950786661357	0.305365430656821
17.2445474159904	19.8071530163288	0.705795273417607
79.2143570715562	75.5912794382311	0.147037110291421
7.23109279153869	17.8580658910796	0.490959050832316
22.0146428532898	56.4567782855593	0.0372254545800388
91.3425687202252	84.7767269294709	0.258808174403384
10.8587151234969	84.9046968189068	0.904771368950605
83.6029614820145	100.946190089919	0.270797375356779
42.0415507722646	85.1127393129282	0.00546034844592214
90.9083691542037	27.2619237862527	0.149375008651987
22.7612615125254	31.256217750255	0.584271089173853
4.69176220102236	69.0454575857148	0.539918859256431
20.4524488300085	38.9052953212522	0.724773147609085
20.377508467529	32.6256009284407	0.713177929865196
30.7463594703004	78.3999826093204	0.121147280558944
22.4672153121792	81.5449975403026	0.417424311628565
97.5019332598895	22.1733454461209	0.298341161105782
54.0183634874411	75.9493885859847	0.0444020519498736
65.3420694330707	10.944555296097	0.16622472833842
91.0565042528324	85.6134419841692	0.217105245916173
1.54154701158404	11.763959904667	0.286773491185158
41.9754630797543	8.62536468170583	0.552925390424207
1.32201915886253	4.93727381946519	0.921784669160843
19.1030401824974	23.3677490586415	0.415278352564201
58.9903608057648	42.7602852690034	0.374920115340501
35.2171199847944	47.4692140109837	0.252954116323963
68.2843832196668	-0.365852241870016	0.408471529372036
45.7638985062949	15.2353856330737	0.451627784175798
79.1395385637879	70.3793716146611	0.164657530840486
58.7311095283367	55.0736217964441	0.798728122608736
8.23672186862677	56.2990525965579	0.115988725796342
82.439677273389	93.978619297035	0.503680253168568
61.5096372123808	70.6336715440266	0.671775961760432
39.8121452075429	3.62065161764622	0.5329219030682
75.6554292822257	35.3759709359147	0.240708529017866
69.8305274504237	7.3496697274968	0.625537941930816
68.9793908633292	49.8499610847794	0.355093128513545
7.78490115189925	61.8718577157706	0.0633657437283546
62.988541177474	8.87803058000281	0.96332098916173
49.4121050699614	40.8454694310203	0.8914942254778
1.40472936816514	66.6394324633293	0.755919579882175
95.0063314591534	96.5548816733062	0.13371222675778
6.070651804097	96.337089496199	0.469646924175322
1.92519525391981	63.5307838609442	0.435157206607983
29.9467812478542	89.4127087532543	0.0760005875490606
98.4910364062525	36.8652834687382	0.803673046873882
27.4186903117225	70.1576176513918	0.667739970609546
40.9727581120096	43.3984409095719	0.524706063559279
29.8276109974831	48.0335303987376	0.272059603128582
19.0034255352803	26.3023569062352	0.204451140249148
64.8773064920679	19.7186257229187	0.80440269690007
45.318146515172	0.235419775359333	0.0649052101653069
46.7324407659471	55.7048636130057	0.49506827769801
61.9604276143946	25.5576794203371	0.38499312591739
54.5826158961281	23.0673906845041	0.434241779148579
82.978245744016	41.463549205102	0.166501268511638
83.5771064106375	88.6811806517653	0.952368043828756
37.9884974737652	85.6751462556422	0.0146870596799999
40.7130543263629	64.5487282671966	0.444387239404023
47.7052850122564	29.923565111123	0.673627854092047
69.8594979271293	68.9006619616412	0.52076826011762
64.4786697165109	88.201239021495	0.958130500512198
15.9960917038843	34.2135622953065	0.0880007464438677
13.9510708651505	90.0712775634602	0.78984317346476
85.3137342538685	96.1310702036135	0.688745918218046
6.98340930463746	18.5442786216736	0.987593889469281
36.4395553106442	78.3505408973433	0.229697979055345
87.9073924529366	22.5545971570536	0.193425434408709
17.0858224518597	91.7230461514555	0.655871912371367
20.7990090199746	28.2614125590771	0.148804241092876
57.2563124066219	65.9844495919533	0.256010051816702
87.7163486792706	6.64017075393349	0.282551068579778
99.1495512593538	79.5645764651708	0.667588871438056
90.5772838001139	77.4920866154134	0.545674147317186
84.4510622220114	21.6851712488569	0.354009003378451
23.4443472246639	99.4583766004071	0.440980766667053
34.1813690215349	9.33038333943114	0.913465553428978
61.3103119493462	96.2567509058863	0.559601093875244
38.0379873244092	34.5309429247864	0.11122234724462
26.9135254449211	44.5354288192466	0.464878326049075
33.6129959952086	92.6199860270135	0.567052802536637
47.5319732245989	98.8395503088832	0.768962089205161
74.3580143610016	14.569659574423	0.639961685054004
38.984343144577	9.58134127687663	0.541387310950086
99.0805210284889	98.078184237238	0.795466068666428
11.0800337963738	16.9737492706627	0.0844286058563739
100.464434175752	-0.378025363665074	0.679190382361412
97.3830972253345	43.0025008255616	0.419590525096282
13.9887326154858	55.0917134094052	0.816819489467889
77.2625280846842	63.0486409850419	0.8657268343959
95.0456313015893	6.76994749391451	0.377055306918919
53.668108209502	42.1075999205932	0.664477296872064
91.4094343259931	47.1558218612336	0.333636534865946
22.7721874699928	12.056690948084	0.0354682498145849
19.853672827594	80.3749878113158	0.707207629457116
21.4283286384307	11.4756786124781	0.134543576976284
98.0324946101755	65.5045198122971	0.920362214092165
66.192665879149	100.499664887786	0.45567549043335
69.1075066411868	91.9688467443921	0.72203768696636
27.3081233459525	7.45502591412514	0.0736498485784978
21.3883809782565	1.09825028246269	0.193101845216006
17.4403122463264	43.9724910687655	0.0826285493094474
91.8395190453157	96.8614050266333	0.0959489084780216
13.9519716068171	6.26169054303318	0.457761849975213
49.0609285552055	82.5627318653278	0.839711387176067
89.9852398489602	44.6436069719493	0.665656278142706
5.65420175064355	37.8090079301037	0.66179580334574
43.4628411601298	60.6463510384783	0.487199109746143
10.1090930104256	53.1727233766578	0.838364334311336
75.195442518685	35.35054034926	0.00549820368178189
87.8676782427356	59.5870971013792	0.893611012026668
65.4679841077887	13.5982952537015	0.365016294410452
84.4164378624409	97.4744603778236	0.442720173392445
29.6477077272721	62.5294746533036	0.0378616566304117
55.4968395242468	71.8108892724849	0.538746419362724
67.3859046879224	1.05525922309607	0.752142368583009
21.1871061585844	25.6405135742389	0.761819403152913
41.7490765475668	43.6975488420576	0.257799213053659
53.0668392321095	78.8478518468328	0.852553330361843
21.9882489233278	43.0878754043952	0.539902567630634
49.3070265296847	83.150819088798	0.0128301163204014
35.5126004894264	16.7066415585577	0.250531448284164
62.705698129721	67.1657253601588	0.138726708479226
92.8503661449067	6.52748029585928	0.830548182828352
57.7891036197543	46.8936306103133	0.774771144147962
84.8311452106573	85.4873896855861	0.344340003328398
90.4947679741308	-0.0401571835391223	0.548438476398587
53.7842923901044	23.5060314284638	0.266419159015641
76.0211428906769	26.2801434169523	0.821336763445288
3.09299110295251	6.5021912753582	0.651155963772908
40.5438047582284	86.4034958989359	0.341384879313409
65.8479056763463	47.8768837330863	0.0983645047526807
9.03525980189443	89.4665402746759	0.360947966109961
58.4829807528295	17.6259428542107	0.01046855119057
49.7594013279304	90.3650980559178	0.061872910708189
85.0240031494759	10.9851752826944	0.634045514976606
76.5175233650953	42.2772092106752	0.762155291158706
100.812963277567	48.673261102289	0.602179127046838
41.7755293743685	38.9358944618143	0.333070800639689
95.1630501071922	23.756572409533	0.956746806157753
63.7765840739012	100.922883161809	0.0925182192586362
21.2252855361439	88.2909389082342	0.244025509105995
38.0149408010766	24.6119688530453	0.222547566518188
20.2833508974873	97.5731241973117	0.055320163955912
6.3900362085551	63.1074514980428	0.049086129758507
3.6130802151747	19.4343857988715	0.639201600337401
35.3501784661785	84.4742972389795	0.382226626388729
31.8223916920833	3.90497634839267	0.755886203376576
59.7472645156085	13.6171934208833	0.108605820219964
72.1011007898487	15.1468027438968	0.0897973303217441
19.3329462995753	43.2105984878726	0.415878474712372
53.9331051348709	20.1666944259778	0.0959188414271921
84.2075252626091	15.9861832368188	0.975580588448793
96.4308533598669	61.8598413355649	0.441683909157291
95.4605887951329	48.3227317878045	0.177277420647442
49.4188068653457	70.7669464712963	0.0313375822734088
12.092011667788	41.3316175057553	0.65630587702617
14.5937753603794	58.9344973433763	0.276469393866137
32.4484298778698	1.36339098261669	0.952147388830781
42.4005539170466	-0.17970500420779	0.617232614895329
48.2286537047476	84.9528140644543	0.737006480339915
57.556211147923	30.6609886437654	0.616149567300454
86.976721146144	92.5458457828499	0.727021782658994
83.310674990993	65.4898483483121	0.0528477232437581
87.2684022821486	38.7876329249702	0.694200314115733
72.4199344613589	12.4363675247878	0.656079129548743
6.880949488841	81.5704798516817	0.998142410069704
81.306222604122	57.4295214572921	0.231446008896455
0.491747798398137	35.320069048088	0.315413747448474
23.8619677578099	14.3386173658073	0.291888201842085
71.2542540775612	93.0118757658638	0.823522471822798
66.6960971127264	54.294655947946	0.685683426214382
22.3242230713367	66.0327669917606	0.558373497333378
5.19744842359796	82.8159836921841	0.455969142960384
95.4307027338073	8.11019685165957	0.0712986122816801
43.4755926108919	49.7897496344522	0.0691151299979538
84.2796406429261	48.9982074345462	0.426800085697323
53.9092918601818	98.7102896049619	0.529158678138629
4.31817767117172	68.3106158957817	0.0674970326945186
45.5621147039346	87.2220453871414	0.564459635643288
29.5498144589365	15.7023155740462	0.690927858930081
91.9884014450945	97.3329855855554	0.34324034047313
95.0496206125244	27.3945407313295	0.0963386669754982
15.8258201568387	18.0297293746844	0.859245791798458
14.9595159236342	10.6942414003424	0.530876569915563
30.9281753678806	85.8126836754382	0.539892224827781
53.4213872822002	28.5463866987266	0.456208419986069
70.5089284176938	65.2534886812791	0.579467565519735
24.5054143294692	37.1560618444346	0.43099952256307
4.71706034103408	92.4329260308295	0.301705054240301
98.0874612731859	84.1996459816583	0.0244134683161974
3.12745501613244	32.4201782988384	0.321871639927849
96.1977516617626	100.986154801678	0.903333278838545
5.67290218593553	86.1789378523827	0.720895558828488
1.97827728930861	60.006003818009	0.533855623565614
69.4491168367676	21.8073474941775	0.67550282436423
33.423501778394	23.4899950302206	0.868273928295821
59.4628432937898	42.2121146898717	0.321340167196468
27.9129037624225	49.7712515858002	0.0147427581250668
20.6411592676304	43.5573755512014	0.873132277047262
49.5497639644891	44.2721219244413	0.770604920107871
61.1525169615634	46.4909941218793	0.499554010340944
88.8733348445967	33.7017467641272	0.104464293457568
7.18185522360727	2.60996688809246	0.963193540228531
45.9861408621073	99.4230291633867	0.75900145759806
51.6282886029221	52.2574618104845	0.900240238057449
98.9096417753026	83.8051697690971	0.178755750879645
65.6294260448776	45.9217555494979	0.642851387849078
43.4248507749289	71.5947262342088	0.507136455271393
5.23629383416846	48.6069419309497	0.992034647846594
18.1447336236015	59.7893276647665	0.507277364842594
25.8421342703514	53.9417690737173	0.142828485695645
27.4773243479431	70.0587218306027	0.504513058345765
60.9820234351791	100.861321976408	0.359070626320317
58.847477405332	8.3027547490783	0.886731758713722
69.7432982861064	43.81150173489	0.80461486405693
45.4260356221348	28.340179126244	0.895148724783212
13.1342051853426	53.9633619375527	0.473989403108135
15.0429275752977	55.8608600148	0.454645683057606
56.2249788488261	13.2583471601829	0.240685202879831
90.3103174641728	74.5219929232262	0.192235869821161
64.5767325744964	41.6113378573209	0.968020617263392
69.6284148944542	39.3013714854605	0.636940816417336
36.2840874842368	23.6511403219774	0.218348929425701
48.064911371097	94.8125386754982	0.44690407300368
77.752390388865	11.3526697605848	0.66375819616951
52.4642446720973	61.1128274262883	0.432418628595769
21.9846667605452	20.1865589050576	0.657858128426597
8.93000165000558	98.470843387302	0.699208847712725
91.542127171997	71.3552839588374	0.886256546946242
64.4077543830499	20.4798644301482	0.487284306436777
56.3400924368761	34.6751340487972	0.385398264741525
45.8514839727432	59.68292838661	0.789471973199397
1.92362456070259	22.0754597298801	0.818072060355917
1.75948065984994	72.3890523784794	0.662834742106497
24.7089474867098	13.8956204643473	0.531586718512699
16.0902183055878	79.4830739735626	0.858098389115185
1.75291349599138	31.5409103725106	0.91387492720969
29.0901856599376	14.6390262772329	0.0494355838745832
-0.201682003680617	71.9864759268239	0.716104132821783
69.7590162139386	2.31375594390556	0.111994652543217
34.5127873090096	52.46784863621	0.640256267273799
95.9174928078428	14.0986649678089	0.629912349395454
-0.13173906179145	52.8432001424953	0.409083573846146
24.5061125420034	95.3180039874278	0.685713957529515
10.3717616819777	92.9307865258306	0.0563555706758052
86.200881912373	9.05706671299413	0.0454806014895439
3.23119381954893	67.9902829909697	0.109882503515109
75.063871467486	37.9579319613986	0.67545271711424
8.39733148412779	9.80381948128343	0.000933451810851693
73.1237936588004	46.0090716578998	0.167340186424553
67.6399562056176	28.8965121423826	0.233862564666197
27.8814769312739	23.0531900390051	0.674023707862943
20.2672744826414	69.6921449322253	0.901514715747908
75.1315934760496	60.7200811658986	0.427058534696698
20.6582931182347	94.2023900495842	0.847802178701386
90.5603574421257	43.8330887327902	0.384930776897818
40.3227519285865	79.572565227747	0.471226737136021
60.6941447788849	86.9139240295626	0.10886802431196
48.6075103092007	-0.171589684672654	0.644566955743358
49.3110952563584	97.0961447930895	0.143670111428946
6.30695601785555	14.8617249410599	0.808958151610568
56.7617415850982	65.4275195566006	0.0570024065673351
69.1830514087342	59.4329434344545	0.797662917291746
17.1505699325353	80.0707989814691	0.424383070785552
38.6330542271025	100.130832549185	0.668462859699503
37.383150507696	84.1760875307955	0.501197294332087
82.334746948909	18.1884819110855	0.586297531379387
45.0580862611532	20.0710557191633	0.65998558094725
23.5251805246808	57.1856164876372	0.912034343229607
8.45451212208718	68.772655047942	0.953479712828994
47.5044852620922	26.3449947508052	0.931573560228571
95.8092365693301	77.5407946105115	0.953899091575295
58.8762234565802	14.7302655801177	0.414375294232741
16.0678517082706	9.1456102267839	0.379371712915599
2.81505525438115	68.5491413278505	0.234440720407292
69.7062474004924	94.5805038413964	0.511508095543832
43.166161107365	91.3341038431972	0.932287556352094
35.4279493680224	98.9980527949519	0.0966330468654633
45.3039110540412	24.3880946272984	0.156030155485496
4.92356056906283	16.550185452681	0.869469210971147
79.2846929361112	74.9197496660054	0.705807378748432
28.8063195170835	88.4526915499009	0.104667906649411
20.7956085349433	11.1267238622531	0.230996721191332
90.6873985901475	91.8421824886464	0.250996825750917
24.6019184873439	35.4915093649179	0.80641098250635
78.5010497523472	31.7260386948474	0.797720724716783
21.5066637150012	73.1068864660338	0.454494083067402
55.0080644842237	86.4176780204289	0.62525030458346
12.130812976975	81.3227551132441	0.49791543954052
16.2712490940467	47.1756510497071	0.264986037276685
60.9765830296092	41.7775794593617	0.233407626627013
64.1837259568274	39.200616044458	0.298947758506984
19.1252497532405	44.3210372459143	0.125699864001945
36.2148556029424	98.5641681370325	0.630757410079241
75.4188154800795	7.82470019254833	0.342470180010423
94.7944339532405	9.92279425589368	0.118331376928836
52.9573196326382	7.78968093916774	0.299871916184202
29.5585533725098	15.8838971429504	0.137740426696837
100.08537665708	36.3691664626822	0.775885549141094
68.4051255881786	70.5138786970638	0.609609322156757
-0.382302889134735	65.3046172652394	0.388004618929699
97.3285488961264	-0.414305246900767	0.926654739305377
86.7388946390711	25.7021460058168	0.635084865381941
4.69636145047843	82.6300902809016	0.635999186430126
41.6828034487553	70.9251986220479	0.583068486535922
30.37095680926	41.5558958635665	0.71525018196553
77.8258277657442	23.5261453641579	0.443240745691583
86.2415472827852	53.4153131893836	0.399498011451215
28.0925166332163	64.4577485378832	0.0621839661616832
59.6905450066552	87.6850391668268	0.82986194640398
50.4446042864583	14.1707081282511	0.527164265280589
43.6493900362402	51.0883751469664	0.865503870416433
79.5821782131679	40.9905958510935	0.00181919173337519
3.57658913452178	38.3721396126784	0.292629820294678
94.7024338836782	51.7514725541696	0.357209742767736
49.2903383001685	13.4502495690249	0.938414012547582
47.1126470104791	3.41934326477349	0.465058050351217
83.4845864577219	34.8082577441819	0.91750648804009
86.5545410714112	7.74133855570108	0.985812337836251
29.3257571067661	11.9049295852892	0.966324570123106
56.1421497059055	38.1811202764511	0.426563561195508
76.1425791019574	76.3831159085967	0.618179894052446
80.7195704686455	62.9224940715358	0.975283461390063
41.2585871107876	29.0877239382826	0.402956828009337
9.0836783000268	77.9165704827756	0.450861566932872
22.8508366709575	80.058511343319	0.381034668534994
22.7649139477871	39.1880508074537	0.455488998210058
3.72423814423382	67.6947247567587	0.704935055691749
23.7916844491847	60.2783232592046	0.789569737622514
30.4436482386664	90.0522761368193	0.606277615763247
56.9557096580975	78.1620393535122	0.202035342110321
48.740467146039	5.60719720413908	0.792540901806206
37.4218206764199	95.6046998146921	0.913196887122467
89.8819737164304	65.6765340645798	0.770352264866233
79.961262924131	99.1065136762336	0.875588243594393
38.1349904667586	65.9046410019509	0.652069351170212
94.5074784574099	77.6774036213756	0.743137601995841
47.9457045951858	26.6740043000318	0.612767483107746
72.0126390191726	84.0845149857923	0.812949470011517
75.3695805482566	41.8602738282643	0.907911244314164
7.59687318140641	33.2819452192634	0.0994871829170734
96.9942840626463	34.8961020004936	0.300465151667595
8.60517781367525	-0.152355021797121	0.01051627821289
95.4793969783932	32.5126865911298	0.442487359512597
62.2944259871729	83.7895513959229	0.130301898578182
31.2644364954904	26.6665857681073	0.272851903922856
17.3396802986972	27.416998452507	0.19074869970791
7.34630192071199	63.9074205770157	0.392159057315439
78.0501924739219	39.4793087411672	0.737929552095011
31.6737563265488	45.6745019857772	0.720619926229119
41.9960169843398	61.8262053029612	0.0922696383204311
52.0249099191278	76.6022164742462	0.0972404875792563
77.5410882872529	100.819291576743	0.268035359913483
54.5989062869921	23.7401760281064	0.901481821201742
35.4329081731848	19.9953318862244	0.374222780345008
46.3401220776141	51.5296852714382	0.834237358998507
28.9876615800895	86.4254242610186	0.97694814321585
25.5971750235185	16.2980003473349	0.745944533497095
96.4076261087321	72.2043917635456	0.775513317203149
82.4748946148902	71.8111510309391	0.408437271136791
27.2501623486169	38.9168278686702	0.0429518318269402
4.54014409054071	90.939769434277	0.456247338093817
92.9093689988367	40.1352158179507	0.419556480599567
77.7669917941093	41.6154155372642	0.934976608958095
61.0476586432196	87.3864012453705	0.137147280620411
24.1282143173739	10.8623116542585	0.0515888910740614
74.100056914147	85.9504317464307	0.405158890178427
82.4334732275456	32.6561948205344	0.386508999858052
69.143949654419	20.7053864374757	0.819509398424998
43.2547415504232	2.56316795805469	0.0627683429047465
44.4562995615415	48.378302927129	0.0741577136795968
14.4416655562818	10.4219775549136	0.73560033319518
95.8440256738104	71.380668496713	0.275764589430764
74.1885317703709	46.6280674678273	0.829365514218807
45.206285932567	9.27217666152865	0.596442639594898
66.2453685048968	63.732055332046	0.769975342322141
75.6448249300011	49.1835596598685	0.160713507095352
58.0434455843642	51.9539499380626	0.102585134096444
85.6553458268754	7.61329179164022	0.762985662324354
95.6050453111529	42.7124748094939	0.908740749116987
26.3840372995473	7.26881790347397	0.56362412055023
6.50386209320277	35.2512850915082	0.906890140846372
2.49393325066194	5.42569569218904	0.127503679832444
10.2107475306839	85.7856617341749	0.59770997101441
27.7307048928924	39.0026498734951	0.361320093506947
35.2747521335259	65.1694388301112	0.863549045287073
64.6817816901021	11.5720206378028	0.887378903804347
19.3265242166817	73.7674668407999	0.111954390536994
-0.638630484696478	93.2184481900185	0.474589475663379
42.2251108950004	61.8888363209553	0.429222356528044
5.00198125978932	90.898869545199	0.144462082302198
59.1750654745847	52.6653836253099	0.843706187326461
32.6655170028098	7.11901312693954	0.793538706609979
32.6934999125078	78.5236719571985	0.752713070251048
100.878727726173	11.7005610903725	0.436383534921333
70.2813303917646	20.2716879933141	0.403737732674927
15.3240684331395	83.5440086666495	0.787516932236031
79.9244484333321	84.1789161940105	0.103006219491363
98.552493405994	43.9699842007831	0.678997000446543
76.4939093422145	47.1452497835271	0.114342546556145
67.6046682116576	14.8214029297233	0.0652356336358935
56.1044641593471	28.0053692595102	0.0717224879190326
62.2063699397258	60.4053119225428	0.910581297008321
60.9028706662357	96.0757661662064	0.722042817156762
70.7175190323032	100.921642979607	0.400708568515256
8.96640336420387	71.0965117407031	0.00311088562011719
13.1373329400085	33.6413246626034	0.478424794739112
67.3728417251259	51.6241669165902	0.408148482907563
61.0755137135275	65.1333140023053	0.990637025097385
44.4309503855184	82.5709020444192	0.354705487377942
43.5661785150878	50.6740928059444	0.558417700929567
63.9100743308663	88.8329415633343	0.425292877014726
25.8024139092304	77.9790328610688	0.958865388529375
29.2539564920589	71.6838707332499	0.941771233454347
65.1798816672526	30.9477687077597	0.148277157684788
47.5822445508093	5.70013841195032	0.938069934491068
6.33282569469884	57.590326026082	0.373532019788399
65.1483881259337	91.3122617364861	0.268663792870939
10.0001265662722	74.0722380606458	0.925030152080581
80.2097368873656	45.5107854432426	0.895897961687297
14.4477220275439	72.2602418791503	0.292540447087958
59.3496345197782	9.65597043605521	0.40022848919034
0.671758697833866	42.6403806367889	0.607379238819703
71.5471628326923	48.6194830867462	0.0162349683232605
4.58926208363846	4.39244739338756	0.602975869784132
6.09292468894273	82.500028627459	0.0763632887974381
32.7649088869803	71.1136904051527	0.713576075388119
70.1738637983799	20.7779188691638	0.206270562019199
69.7986574680544	26.565559187904	0.670091974781826
68.97160379868	19.8809863557108	0.0228708516806364
63.1845391965471	45.2450050236657	0.855427769711241
11.8121484201401	28.601053937804	0.00121940532699227
34.1208353010006	99.9314589574933	0.0614930654410273
89.6450189063326	80.5013406262733	0.661724644713104
98.2811607006006	100.007094706409	0.959061040310189
42.2920142374933	10.2657314590178	0.84734123526141
87.81964817876	96.6663432773203	0.862136502983049
9.86476407852024	0.735760990995914	0.673874117434025
2.75647313287482	27.4958604658023	0.0530691889580339
7.88110374845564	13.0354568916373	0.307812445331365
57.2473810096271	31.6932577826083	0.345780460396782
67.2880348833278	56.5728620090522	0.11771394032985
-0.0423235897906125	-0.223108270205557	0.51466688583605
97.1986448392272	68.7051001354121	0.519574230071157
26.712304724846	16.3948657233268	0.018501988844946
59.0468422574922	14.3362725828774	0.0563423056155443
3.65420403098688	39.1441333340481	0.914477767189965
54.432125588879	65.5592695544474	0.47928229207173
57.1880268645473	82.5352008938789	0.29991039657034
52.5418357485905	13.5287521691062	0.89673329051584
26.8906283485703	79.7594118891284	0.850579845486209
19.0754534490407	0.938107875641435	0.986483111511916
36.2083890386857	50.1091549377888	0.357680940302089
52.4294861322269	4.64310386450961	0.893948283046484
63.0094877197407	42.1415715226904	0.412433732068166
54.9073487985879	4.00425996212289	0.322141778189689
4.79166126297787	46.3384490273893	0.861033829161897
34.2713774042204	0.283634366933256	0.523511470295489
1.43778552813455	81.4739689966664	0.165318672312424
46.4287228733301	53.8047624616884	0.990646386053413
6.73778316983953	64.5328399185091	0.668783541070297
46.8143581477925	57.4419108112343	0.675074389204383
64.3309110826813	74.1990781994537	0.795901393285021
34.4777900706977	57.22160533024	0.103413990233094
61.1424020943232	37.0353103801608	0.717583451652899
8.37030227575451	56.270564480219	0.87049453984946
31.6677323910408	84.8689540131018	0.809562763897702
68.2416646294296	58.9047152302228	0.232223126571625
68.4714580350555	85.9699939992279	0.625990775646642
72.264229147695	80.1988913905807	0.95945306122303
35.8906108080409	10.7203055555001	0.920107267564163
2.38319168426096	74.7811108040623	0.810397893656045
98.040065490175	29.0115843601525	0.779976820806041
13.8195330621675	85.7339997538365	0.995736469514668
20.6840875591151	94.9429287975654	0.0224802873563021
-0.498237304389477	86.2339798226021	0.409968597348779
0.239442168269306	98.8949785996228	0.915507554309443
94.8490721238777	23.7912543122657	0.247307458892465
83.9859921387397	47.1102485554293	0.889118203660473
75.6468652542681	43.5454282085411	0.472933957818896
66.3556345743127	66.8839053362608	0.463819481665269
73.1208664858714	69.8977675498463	0.543289764784276
74.8247225838713	42.7407198576257	0.980556304333732
10.1031172610819	58.6966509348713	0.324749879073352
98.3237904706039	3.91728697530925	0.17501583811827
87.7671559667215	34.1126877781935	0.410992089658976
1.07644762238488	65.4588386872783	0.0109195073600858
48.1655354816467	75.119274798315	0.548169780988246
90.261728212703	22.6520863883197	0.785608092555776
37.1055670427158	5.00803409749642	0.7060960913077
76.7359806965105	98.7245120992884	0.158920896006748
97.1237884759903	61.4916230677627	0.0455614938400686
37.1265529603697	41.1213879678398	0.745627763913944
6.84113921504468	23.553828232456	0.689133433625102
78.7950758612715	27.5995377125219	0.0649930664803833
37.174183903262	68.1736520077102	0.367825715336949
83.3380697635002	22.2264630571008	0.27093355008401
48.117960751988	76.2512732432224	0.751376899890602
55.3218955579214	74.519942576997	0.0051772880833596
20.4781402014196	20.3743092766963	0.138041030149907
5.712743523065	46.7815697547048	0.236338769318536
78.3891638061032	90.3577291113324	0.243270568549633
65.8354002623819	68.542931416072	0.882395475869998
65.0858926419169	65.6450642007403	0.647960491944104
8.55195582704619	11.3302370943129	0.675184114137664
91.5740289064124	47.5472352006473	0.108524051494896
26.5684100086801	55.0371942436323	0.925729975802824
9.94418375939131	74.7933599217795	0.955484767910093
40.2283086613752	93.451783599332	0.900980717735365
73.4709488255903	51.8503295932896	0.276995794847608
44.713087787386	86.2853233562782	0.238336162408814
4.70668815635145	82.8097374211065	0.0612368457950652
68.1137249958701	92.7768202126026	0.516748532885686
63.8950018221512	9.2169153005816	0.0194904422387481
19.2425948190503	16.9670897005126	0.584612848935649
-0.434078317135572	13.9023814178072	0.992363303434104
0.193096245173365	65.4304876010865	0.827675023349002
16.508884257637	29.5459233489819	0.717595260590315
65.4026677026413	51.9923286149278	0.0572555100079626
91.8253849912435	18.2328381421976	0.871687140781432
7.20722660468891	3.12217783555388	0.422719167778268
50.8159525888041	35.5255227410235	0.751680628396571
81.4668674389832	65.6521849473938	0.514817316783592
41.4306914657354	19.4466549842618	0.300337174441665
86.6688242615201	5.60049044527113	0.940785776125267
84.2841247348115	46.127627291251	0.460189586505294
65.8492503291927	20.5574675472453	0.930402984609827
67.1784295272082	55.5926920170896	0.631978994701058
81.5952894804068	74.6921728476882	0.287095118546858
0.0693908194079995	78.1004493371584	0.373341451399028
64.1682107481174	66.3328631324694	0.0421204331796616
62.8215093128383	63.5248553953134	0.966772485058755
66.3020495646633	9.64379515312612	0.815372866811231
1.30768328811973	62.3028503251262	0.174374490976334
79.3552457927726	45.5357595318928	0.945915259188041
7.78974373079836	26.3800026285462	0.943180904258043
17.1001906921156	10.9849093444645	0.241485348204151
12.4438564004377	95.2242382713594	0.091452662833035
99.4023918057792	97.76842830237	0.521413021488115
88.7444138899446	1.22576972981915	0.655756530817598
57.2421366260387	75.6314428318292	0.304145111935213
73.5665250970051	45.5337620978244	0.673361415043473
14.8420827738009	100.45231672097	0.831394338747486
93.6855689045042	79.4720702390186	0.277027870062739
40.9591243010946	65.4480763822794	0.438311808044091
27.2175132418051	9.002552843187	0.152117549441755
39.5531806009822	96.2331991521642	0.885527799604461
11.8308100737631	52.1400161213242	0.211613423656672
20.9342262842692	10.9883564244956	0.976913378806785
86.6446612393484	70.6427617487498	0.845618147403002
29.9869272573851	6.48593779001385	0.408985685324296
23.9843094367534	5.58201054064557	0.860687021631747
7.05467011081055	33.6312917284667	0.646512562641874
23.9667430268601	0.407145219389349	0.303453558124602
-0.5934311975725	15.8876027753577	0.506567504955456
31.6148127019405	38.7467625080608	0.324919716920704
-0.212795504834503	8.83318446017802	0.372543710516766
46.2192424414679	44.2929466594942	0.149009449407458
69.23440128332	80.5277016879991	0.362956342985854
20.3613765519112	72.5829734052531	0.624023242387921
83.0202624169178	36.7134456112981	0.659744914853945
26.7497389623895	20.1938251839019	0.82098292093724
63.0999885085039	97.5242684138939	0.369733019499108
29.1855903230608	33.675445382949	0.261020030360669
80.7166710817255	57.6931448038667	0.0634104509372264
6.9316528281197	73.3435812038369	0.667437680065632
96.6833016960882	55.6145613873377	0.319773062830791
51.8890320602804	5.70736163435504	0.20936479466036
41.2206587572582	36.4050444699824	0.517088530818
12.6650995286182	45.6954288878478	0.0955232800915837
73.9465309972875	21.6891212081537	0.559651494724676
19.2147089466453	69.8424885435961	0.651042675133795
84.5629084841348	20.5938684064895	0.532349369721487
9.63360367249697	49.0805654977448	0.729983421042562
3.8483188948594	47.7379376338795	0.240680427988991
35.2512321081012	90.6210497091524	0.0437689446844161
9.60740866186097	19.2255547046661	0.536248564952984
30.7854222292081	63.4897875995375	0.783578312955797
17.134165476542	6.17747594695538	0.0592044766526669
47.358475793153	35.4630218422972	0.345415278803557
1.38385050976649	77.5242430549115	0.862110787304118
25.0082271462306	79.3219041493721	0.0925461016595364
8.29675558349118	-0.972687303088605	0.126778978621587
92.3334709275514	13.372602540534	0.473787587601691
30.4493224029429	34.1557464264333	0.159258784959093
21.4658973412588	83.9426964544691	0.520228357054293
77.2999578337185	73.9051308175549	0.860856030834839
43.0352830439806	59.9375999360345	0.329880410339683
49.6230510831811	1.27625712193549	0.23731269990094
5.56617006938905	34.3981750090607	0.681984623894095
13.1602455205284	45.3088241191581	0.0366033369209617
49.1876245867461	27.2174942190759	0.962732872460037
58.9379397449084	83.6650372073054	0.610684696817771
50.0279016653076	85.6258832053281	0.194521035067737
64.9792893859558	41.1544611556455	0.390480867354199
35.5779515914619	64.6139210364781	0.70401120511815
53.1526529961266	20.6598433163017	0.258893904509023
46.0166876604781	43.0079979193397	0.902757987380028
